"","lats","mean","lowe","highe","sd","disp"
"1",63,0.00484345340760308,0.00187378304874746,0.0078131237664587,0.00262434411236199,0.00280216652154848
"2",62,0.00372518855858315,-5.07923123380855e-05,0.00750116942950439,0.00272456198228119,0.00137314764965695
"3",61,0,0,0,0,0
"4",60,0.00484940836954341,0.00177308179767688,0.00792573494140993,0.00271859787484688,0.00280216652154848
"5",59,0.00484178787779408,0.00171790663570718,0.00796566911988099,0.00276062268020482,0.00280216652154848
"6",58,0.00493454787572103,0.00210747246253495,0.00776162328890711,0.00249833073010072,0.00280216652154848
"7",57,0.00486873818823585,0.00164436489602119,0.00809311148045051,0.0028494290756034,0.00280216652154848
"8",56,0.00496071232369308,0.00186898655256054,0.00805243809482562,0.00273220638792926,0.00280216652154848
"9",55,0.00475933944521149,0.00177252513333706,0.00774615375708592,0.00263949449160639,0.00280216652154848
"10",54,0.00482383690462097,0.00180449628248797,0.00784317752675397,0.00266823850037134,0.00280216652154848
"11",53,0.00481887762621192,0.00176143362367822,0.00787632162874563,0.00270191105319104,0.00280216652154848
"12",52,0.0048411312894831,0.00176905796548457,0.00791320461348163,0.00271483921322725,0.00280216652154848
"13",51,0.00479494167956943,0.00205942060453643,0.00753046275460244,0.00241742273047149,0.00280216652154848
"14",50,0.00475328130386726,0.00194375035630215,0.00756281225143237,0.00248282641160974,0.00280216652154848
"15",49,0.00500426510583034,0.00175578303924898,0.00825274717241169,0.00287073437633378,0.00280216652154848
"16",48,0.00479919825784797,0.00188507824973774,0.0077133182659582,0.00257525339915081,0.00280216652154848
"17",47,0.00486620305760182,0.00184674620115065,0.00788565991405299,0.00266834121845506,0.00280216652154848
"18",46,0.00562221562079219,0.00313588397977438,0.00810854726181,0.00253711972324969,0.00336503963199462
"19",45,0.00608572729699932,0.0043019017060027,0.00786955288799594,0.00222935856093587,0.00491116050476707
"20",44,0.00613766179921703,0.00433097948558011,0.00794434411285396,0.00225792403872153,0.00491116050476707
"21",43,0.00634853306528956,0.00496893639125903,0.0077281297393201,0.00199089814140299,0.00485253922359936
"22",42,0.00629945761556013,0.0047198585957248,0.00787905663539546,0.00213229743538701,0.00476805907331115
"23",41,0.00660255797912738,0.00529637357609468,0.00790874238216009,0.00199929857895715,0.00480685582340261
"24",40,0.00666764464781197,0.00545139071722642,0.00788389857839753,0.00196234862687299,0.00450816872834801
"25",39,0.00667184581002254,0.00571470337702855,0.00762898824301652,0.00169168345653526,0.00448923048839561
"26",38,0.00656069977320788,0.00529491206628549,0.00782648748013027,0.00193746576504481,0.00480685582340261
"27",37,0.00628621964340217,0.00495450777209829,0.00761793151470605,0.00192179550688342,0.00485253922359936
"28",36,0.00711791045098828,0.00686697143916093,0.00736884946281563,0.000839564990166443,0.00618906288003036
"29",35,0.00684068632328744,0.00604440349551509,0.00763696915105979,0.00157349326577395,0.00401778385416459
"30",34,0.0069420458486659,0.00635358074647945,0.00753051095085235,0.00134272668401511,0.00380276627633814
"31",33,0.00693317504028202,0.00643070534101684,0.00743564473954721,0.00122949199181888,0.00548050739832951
"32",32,0.00690680379891881,0.00627723858300386,0.00753636901483376,0.00136278983762174,0.0038738337139063
"33",31,0.00711369438311648,0.00680161177035915,0.00742577699587382,0.00094200998107822,0.00581364051121406
"34",30,0.00711291542868841,0.00688454301786964,0.00734128783950718,0.000790268117900247,0.00632362463950267
"35",29,0.00719050742857446,0.00705161152710373,0.0073294033300452,0.000584380608262659,0.00641908635968356
"36",28,0.00718717667543465,0.00702623507181806,0.00734811827905123,0.000646570786059872,0.00597384030766324
"37",27,0.00720673538250357,0.00705528750107722,0.00735818326392991,0.000627750517210199,0.00600200584241898
"38",26,0.00721881959027036,0.00711049239029974,0.00732714679024098,0.000500491092901468,0.00665611541378504
"39",25,0.00718206813852278,0.00703086315213145,0.0073332731249141,0.000626743718815767,0.00600200584241898
"40",24,0.00720913311543614,0.00712378061199913,0.00729448561887315,0.000428898018539715,0.00712670365156122
"41",23,0.00721971819419797,0.0071015641342629,0.00733787225413304,0.000535814057901928,0.0064793246631018
"42",22,0.00721184493604575,0.00711860205657783,0.00730508781551368,0.000456311589604722,0.00710725369253954
"43",21,0.00723212901870911,0.00712692548310446,0.00733733255431375,0.000494870661513226,0.00654408974839936
"44",20,0.0072245121923374,0.00712415093522667,0.00732487344944813,0.000480351706195581,0.00648106341079057
"45",19,0.00721311446591547,0.00711212089696672,0.00731410803486422,0.000475067249280181,0.00654408974839936
"46",18,0.00722181372829131,0.00712003872105624,0.00732358873552638,0.000484342609405203,0.0064772244372279
"47",17,0.00723072403037506,0.00711142574301709,0.00735002231773302,0.000537568013503708,0.00645550931792379
"48",16,0.00720904101431823,0.00710500533718024,0.00731307669145622,0.000489377130439147,0.00654408974839936
"49",15,0.00718851465959728,0.00707446310580302,0.00730256621339153,0.000523715737760947,0.00663989396910807
"50",14,0.0072026684744927,0.0070972949383339,0.00730804201065151,0.000489804205458232,0.00660619371275152
"51",13,0.00719661617924694,0.0071018458376634,0.00729138652083049,0.000458717817878416,0.00682986681127757
"52",12,0.00722307136937016,0.00714505524203148,0.00730108749670884,0.000403975390840927,0.00699269378390768
"53",11,0.0072383530737094,0.0071153591291405,0.0073613470182783,0.000547069414817926,0.0064304475599628
"54",10,0.0071988571756737,0.00710954267923157,0.00728817167211583,0.00044181228715732,0.00716940311578501
"55",9,0.00721332058245392,0.00712483877817929,0.00730180238672855,0.000435358825905825,0.00717056065568927
"56",8,0.00723548825148959,0.00711208848836127,0.00735888801461791,0.000552473685947724,0.00644602396134124
"57",7,0.00720304083348484,0.00711613778600948,0.00728994388096021,0.000438934738211717,0.00710982599860753
"58",6,0.00720658080236102,0.00709196355741669,0.00732119804730534,0.000519775039071104,0.0064793246631018
"59",5,0.00721109103080052,0.00710495575877586,0.00731722630282518,0.000496308015651495,0.00657346835754032
"60",4,0.00721534777452164,0.00712132667271216,0.00730936887633111,0.000450006287015129,0.00648106341079057
"61",3,0.00718501724615976,0.00706133097098958,0.00730870352132993,0.000546517472982962,0.00643973170803042
"62",2,0.0071969620511807,0.00706248504116103,0.00733143906120036,0.000574049011404062,0.00632501616551231
"63",1,0.00723110105839887,0.00713538722907647,0.00732681488772127,0.000463284590874397,0.00682986681127757
"64",0,0.00717017827699146,0.00701657996796289,0.00732377658602002,0.000626943393817976,0.0060929075657279
