"","lats","mean","lowe","highe","sd","disp"
"1",67,0.00314268856994066,-0.000156452474559796,0.00644182961444112,0.00238049782859106,0.000441076228617581
"2",66,0,0,0,0,0
"3",65,0,0,0,0,0
"4",64,0,0,0,0,0
"5",63,0.00491317227248017,0.00278741568425676,0.00703892886070359,0.00216917923491565,0.00194977117282636
"6",62,0.00526302323608999,0.00342749253879099,0.00709855393338899,0.00209410552761322,0.00175749941665298
"7",61,0.0051183235701643,0.00339357645421272,0.00684307068611588,0.00196771564461655,0.00175749941665298
"8",60,0.00514050092441683,0.00339171533795222,0.00688928651088144,0.00199514046189188,0.00175749941665298
"9",59,0.00511278283412258,0.00328869026143254,0.00693687540681262,0.00208105609182639,0.00175749941665298
"10",58,0.00531977543516117,0.00338323400888556,0.00725631686143678,0.00220934583724651,0.00175749941665298
"11",57,0.00515842181617165,0.00335340953754073,0.00696343409480257,0.00205928791910311,0.00175749941665298
"12",56,0.00525883034126746,0.00341043066446031,0.0071072300180746,0.00210878738565156,0.00175749941665298
"13",55,0.00539948204505351,0.00385425010747945,0.00694471398262757,0.00193117312928425,0.00164335958759811
"14",54,0.00548243077738953,0.00385536132725974,0.00710950022751932,0.00203345059415674,0.00164335958759811
"15",53,0.00545545081442853,0.00386174604789607,0.00704915558096098,0.00199175265945614,0.00164335958759811
"16",52,0.00524720356625607,0.00345222646944697,0.00704218066306516,0.00204783906142145,0.00175749941665298
"17",51,0.00550049267949154,0.00415103927027186,0.00684994608871121,0.00182162435372576,0.00348207654421453
"18",50,0.005571268082437,0.00421125826974102,0.00693127789513298,0.00183587442084835,0.00348207654421453
"19",49,0.00555798749951894,0.00414960484794647,0.0069663701510914,0.00190117281555707,0.00348207654421453
"20",48,0.00557056841195163,0.00414143527474009,0.00699970154916317,0.00192918385301381,0.00348207654421453
"21",47,0.00563415966883902,0.00422897361736115,0.00703934572031689,0.00189685773173006,0.00348207654421453
"22",46,0.00559169331986901,0.00443983770598875,0.00674354893374927,0.00166224465744693,0.00435144925032861
"23",45,0.00574739344315176,0.00469122599837367,0.00680356088792985,0.00161661252927453,0.00542987760649832
"24",44,0.00575892684905953,0.00454771838233644,0.00697013531578261,0.00174789685321986,0.00435144925032861
"25",43,0.00587653140177651,0.00506059394640157,0.00669246885715144,0.00144211336499583,0.00533784169722766
"26",42,0.00597517179723188,0.00510704224643071,0.00684330134803305,0.00153435930598739,0.00533784169722766
"27",41,0.00583013356528985,0.00486817530620835,0.00679209182437136,0.0015520586789873,0.00554021294245836
"28",40,0.0060152639041776,0.00528866037855375,0.00674186742980145,0.00138711806459264,0.00530536130573028
"29",39,0.00606650573713685,0.00540638379741072,0.00672662767686299,0.00130443278508785,0.00524496105912099
"30",38,0.00596297543837412,0.00514327240741542,0.00678267846933282,0.00144876876099522,0.00533784169722766
"31",37,0.00600663511435423,0.00523175036851662,0.00678151986019184,0.00142547858314244,0.0053040205473147
"32",36,0.00628447040771394,0.00602418716637545,0.00654475364905243,0.000796800074057187,0.00604399876335111
"33",35,0.00615979448864454,0.00572868960312127,0.00659089937416782,0.00105486958747959,0.00682560093430463
"34",34,0.00622512638302051,0.00591223043447018,0.00653802233157084,0.000874404685620835,0.00647484563198131
"35",33,0.00633243851079228,0.00612342612902673,0.00654145089255783,0.000707375903152159,0.00662218294014874
"36",32,0.00629223526489823,0.00607922095858257,0.00650524957121389,0.000704344822237621,0.00636700711930108
"37",31,0.0063714572746775,0.00624309569239997,0.00649981885695504,0.000519825099767043,0.0068496796053817
"38",30,0.00640895081021639,0.00629996072586623,0.00651794089456654,0.000475116734917324,0.00634645725831463
"39",29,0.00640767171176592,0.00632920775527709,0.00648613566825474,0.000381893976539218,0.00626582385847489
"40",28,0.00643568555671283,0.00635361622214742,0.00651775489127825,0.000392802422167142,0.0062723112896294
"41",27,0.00641296865504726,0.00634733339970804,0.00647860391038647,0.000334879905227548,0.00648576451845617
"42",26,0.00640019758450043,0.00634179191358189,0.00645860325541897,0.000311114444478549,0.00649621373933644
"43",25,0.00640195142153796,0.00631564360282616,0.00648825924024976,0.000410734965907615,0.00627835506458665
"44",24,0.00642421733385201,0.0063723063244088,0.00647612834329521,0.000284027442501296,0.00668749153699214
"45",23,0.00641159668447815,0.00635154928577926,0.00647164408317704,0.00031542712662512,0.00641361497025607
"46",22,0.00641848266695375,0.00636307266991741,0.0064738926639901,0.000299191359558391,0.0065308505111614
"47",21,0.00642918266892628,0.00638208943717401,0.00647627590067854,0.000261006550722994,0.00668290127539731
"48",20,0.0064353095684549,0.00638621020840702,0.00648440892850277,0.000270969663179739,0.00668870033882461
"49",19,0.00642708678201679,0.00637356665990546,0.00648060690412812,0.000290274059343148,0.00654477573449318
"50",18,0.00642337128209456,0.00637554933310383,0.00647119323108528,0.000263919884046965,0.00668870033882461
"51",17,0.0064143026298704,0.00635493904026903,0.00647366621947176,0.000313302565995703,0.00639399405800177
"52",16,0.00642707675352694,0.00637728789248451,0.00647686561456938,0.000274774882882724,0.00668870033882461
"53",15,0.00642336624136647,0.00636874159522507,0.00647799088750787,0.000294950785392026,0.0065308505111614
"54",14,0.00642192373390462,0.00636175678237159,0.00648209068543765,0.00031605513396213,0.00641361497025607
"55",13,0.00641655538226221,0.00635824007265859,0.00647487069186582,0.000309204903424617,0.00641027542079663
"56",12,0.00642505177720813,0.00637142595750692,0.00647867759690934,0.000290847325383404,0.00654477573449318
"57",11,0.00642240857299295,0.00636158237277604,0.00648323477320985,0.000321021770005761,0.00639399405800177
"58",10,0.00641547154459588,0.0063673018662712,0.00646364122292055,0.000266972580159649,0.00668290127539731
"59",9,0.00641737358850658,0.00635971869978808,0.00647502847722509,0.000304284574079883,0.00639399405800177
"60",8,0.0064064551336111,0.0063368646910907,0.0064760455761315,0.000349693350568546,0.00651468154003577
"61",7,0.00641395825026512,0.00635558473996646,0.00647233176056378,0.000310943131774962,0.00649621373933644
"62",6,0.00640756985657492,0.00633736705582055,0.00647777265732929,0.000352770462810247,0.00651468154003577
"63",5,0.00640773965249496,0.00635027828779592,0.006465201017194,0.000307485179317874,0.00646725441021738
"64",4,0.00640007542754117,0.00632902332645898,0.00647112752862336,0.00035887389791188,0.00650577631322772
"65",3,0.00643555200260055,0.00635846509804037,0.00651263890716072,0.000377247551322787,0.00628210897125608
"66",2,0.00637595718293445,0.0062704900123689,0.0064814243535,0.00046911141427356,0.00620667440131499
"67",1,0.00639867479225282,0.00632844109903711,0.00646890848546853,0.00035292569803972,0.00651468154003577
"68",0,0.00641890665426291,0.00634201543708677,0.00649579787143906,0.000382375842948876,0.00633908126076829
